4294967279,285
4294967279,451
4294967294,18
4294967294,127
4294967294,14
4294967294,126
4294967294,20
4294967294,13
4294967294,104
4294967294,106
4294967279,281
4294967278,352
4294967279,398
4294967278,235
4294967278,8
4294967278,7
4294967278,6
4294967278,5
4294967278,4
4294967279,132
4294967279,131
4294967279,130
4294967279,129
4294967279,128
4294967279,126
4294967279,123
4294967279,121
4294967279,119
4294967279,118
4294967279,117
4294967279,116
4294967279,115
4294967279,114
4294967279,113
4294967279,111
4294967279,107
4294967279,106
4294967279,105
4294967279,104
4294967279,102
4294967279,408
4294967279,127
4294967294,1425
4294967279,251
4294967278,251
4294967278,346
4294967278,320
4294967279,125
4294967279,450
4294967279,124
4294967278,318
4294967279,122
4294967279,120
4294967279,244
4294967278,238
74,5
74,4
74,3
74,2
74,1
4294967279,112
4294967278,234
4294967294,409
4294967294,399
4294967294,153
4294967294,167
4294967294,183
4294967294,398
4294967294,406
4294967294,415
4294967294,599
4294967294,467
4294967294,408
4294967294,412
4294967294,453
4294967294,487
4294967279,109
4294967279,228
4294967279,110
4294967279,231
4294967278,228
72,6
4294967294,439
4294967278,222
4294967279,108
4294967279,226
4294967278,225
4294967278,223
4294967279,224
72,5
4294967279,103
4294967278,220
4294967279,220
4294967278,218
72,4
72,3
72,2
72,1
4294967279,217
4294967294,389
4294967279,213
4294967278,213
4294967278,212
71,5
4294967279,212
4294967278,210
4294967279,211
71,4
4294967278,209
71,3
71,2
71,1
4294967278,345
4294967279,210
4294967278,208
4294967279,209
4294967278,314
4294967279,386
4294967278,203
70,5
70,4
70,3
70,2
70,1
4294967279,201
4294967279,416
4294967294,1083
4294967278,195
4294967278,309
4294967279,197
69,5
4294967278,343
4294967279,415
69,4
69,3
69,2
69,1
4294967279,193
4294967278,308
4294967279,449
4294967278,189
4294967278,306
4294967278,186
4294967278,304
4294967294,392
4294967294,115
4294967294,486
4294967278,185
4294967278,302
4294967278,182
67,4
67,3
67,2
67,1
4294967279,448
4294967278,181
4294967278,340
4294967278,299
4294967278,383
4294967279,447
4294967279,414
4294967278,339
4294967279,412
4294967279,413
4294967278,338
4294967279,411
4294967279,172
4294967278,296
4294967279,409
4294967278,336
4294967278,295
4294967279,446
4294967279,407
4294967278,335
4294967278,162
4294967279,445
4294967279,300
4294967278,334
4294967278,382
4294967278,158
4294967278,156
4294967279,156
4294967278,155
4294967279,406
4294967279,154
4294967278,153
4294967279,405
4294967278,151
4294967279,444
4294967279,410
4294967279,150
4294967278,149
4294967294,30
4294967294,148
4294967294,147
4294967294,145
4294967294,144
4294967294,139
4294967294,1085
4294967294,1062
4294967294,1060
4294967294,1059
4294967294,1058
4294967294,1057
4294967294,60
4294967279,148
4294967294,1159
4294967294,1158
4294967294,1157
4294967294,1156
4294967294,1155
4294967294,1154
4294967294,1153
4294967294,1152
4294967294,1082
4294967294,1081
4294967294,1080
4294967294,1079
4294967294,1078
4294967294,1075
4294967294,1074
4294967294,1073
4294967294,1072
4294967294,1071
4294967294,1069
4294967294,1068
4294967294,1066
4294967294,1065
4294967294,438
4294967294,422
4294967294,190
4294967294,185
4294967294,182
4294967294,176
4294967294,173
4294967294,170
4294967294,163
4294967294,162
4294967294,161
4294967279,147
4294967294,12
4294967278,17
4294967278,16
4294967278,15
4294967278,14
4294967278,13
4294967278,12
4294967278,11
4294967278,10
4294967278,9
4294967279,403
4294967278,37
4294967278,36
4294967278,35
4294967278,34
4294967278,33
4294967278,32
4294967278,31
4294967278,30
4294967278,29
4294967278,28
4294967278,27
4294967278,26
4294967278,137
4294967278,25
4294967278,24
4294967278,23
4294967278,22
4294967278,21
4294967278,20
4294967278,19
4294967278,18
4294967279,24
4294967279,21
4294967279,18
4294967279,17
4294967279,16
4294967279,15
4294967279,13
4294967279,12
4294967279,11
4294967278,144
4294967279,144
4294967278,288
4294967279,19
4294967294,407
4294967294,451
4294967294,414
4294967278,139
4294967279,274
66,5
66,4
4294967279,290
66,3
66,2
66,1
4294967279,283
4294967279,272
4294967278,282
4294967279,270
4294967294,1426
64,6
4294967279,265
4294967278,328
4294967279,286
4294967279,399
64,5
4294967279,264
4294967279,263
64,4
64,3
64,2
64,1
4294967278,327
4294967279,262
4294967278,258
4294967278,325
4294967294,388
4294967279,275
4294967278,326
4294967279,258
63,5
4294967278,324
4294967279,397
63,4
63,3
63,2
63,1
4294967279,395
4294967278,381
4294967278,321
4294967294,89
4294967294,401
4294967294,1077
4294967279,394
4294967278,255
4294967279,391
4294967278,319
62,5
62,4
62,3
62,2
62,1
4294967278,247
4294967294,426
4294967294,128
4294967294,1067
4294967278,244
4294967279,240
4294967278,243
4294967278,240
61,5
4294967279,390
61,4
61,3
61,2
61,1
4294967278,380
4294967279,234
4294967278,227
4294967279,227
4294967294,485
4294967279,222
4294967294,1160
4294967294,76
4294967294,41
4294967278,217
59,4
59,3
59,2
59,1
4294967279,280
4294967294,42
4294967294,155
4294967294,51
4294967294,52
4294967294,45
4294967294,430
4294967294,395
4294967294,396
4294967294,413
4294967294,178
4294967294,421
4294967294,403
4294967294,420
4294967294,384
4294967294,425
4294967294,411
4294967294,168
4294967294,1076
4294967294,116
4294967294,164
4294967294,119
4294967278,315
4294967279,388
4294967279,387
4294967278,332
4294967278,329
4294967278,88
4294967278,260
4294967279,260
4294967279,402
4294967279,278
4294967279,202
4294967294,82
4294967278,312
4294967279,319
4294967294,5
4294967294,88
4294967294,86
4294967294,85
4294967278,311
4294967279,443
4294967294,83
4294967278,310
4294967279,442
4294967294,38
4294967294,37
4294967294,36
4294967294,39
4294967294,92
4294967294,90
4294967278,379
4294967279,316
4294967279,192
58,5
58,4
58,3
58,2
58,1
4294967279,314
4294967294,40
4294967294,99
4294967294,107
4294967279,186
4294967294,120
4294967279,185
4294967279,184
